SOURCENAME	OBSID		FUND_AMP		FUND_FREQ 	FUND_FWHM	HARM_AMP		HARM_FREQ	HARM_FWHM	PHASE_MEAN	PHASE_ERROR FREQSTEP
maxij1659   95108-01-01-00   0.1617797764979763   2.67814342464   0.344521098957   0.07673205306601066   5.48677138699   0.773191969914   0.210849414053   0.087427019873   0.125
maxij1659   95108-01-02-00   0.16911417679502957   2.58344052355   0.380930995971   0.06862885499808234   5.22736476339   0.714415811215   0.213531098215   0.0186029632293   0.125
maxij1659   95108-01-03-00   0.1560989444992341   3.04210187906   0.432770762249   0.060314911426973025   6.15016203032   0.652264312869   0.141664933999   0.0156973735611   0.125
maxij1659   95108-01-04-00   0.14968804684512232   3.07836506061   0.383783347018   0.07930981817378499   5.55   2.79150549921   0.175819758602   0.0155053196179   0.125
maxij1659   95108-01-05-00   0.1506526413852675   3.32229052429   0.396688223171   0.03476683698619808   6.49836993955   0.295201248584   -0.010477077645000055   0.0627969113162   0.125
maxij1659   95108-01-06-00   0.1295023277951904   4.57108703266   0.461580928531   0.03636753276761378   9.22409808016   0.74645447288   0.0994514022805   0.0242204479712   0.125
maxij1659   95108-01-07-00   0.12870840085373736   4.39872345139   0.494441558805   0.042780261033910194   8.86798796059   0.805768903756   0.0872084265156   0.0382836797356   0.125
maxij1659   95108-01-08-00   0.1193091761631696   4.84282984529   0.52041852492   0.028718716495141614   9.53319579773   0.705348035934   0.0328469204852   0.0274161615779   0.125
maxij1659   95108-01-09-00   0.12309542353753208   4.74792572837   0.557029293452   6.910406922525489e-12   9.25181674713   9.98788996979   -0.001510052818999963   0.0337557172182   0.125
maxij1659   95108-01-11-00   0.12968801496046348   4.63773650807   0.275032902642   0.09110488149042457   8.55625   6.10347908975   0.0755486773395   0.0450940673845   0.125
maxij1659   95108-01-12-00   0.11469343025024602   4.75415584455   0.467704919892   0.03828808982818301   9.80910697699   0.00849422307123   0.0   0.0268693087897   0.125
maxij1659   95108-01-15-00   0.1088083915479251   5.0912359801   0.498680774422   0.02116691115883157   10.2020777578   0.0970384561887   0.0   0.0212601401078   0.125
maxij1659   95108-01-16-00   0.07806819490594319   6.00783174419   0.612116926858   0.011074683924583932   12.63125   0.369175990599   -0.07038344865500001   0.0404907942267   0.125
maxij1659   95108-01-17-00   0.06150439796305848   7.04038014388   0.891929210135   1.4284387389229256e-13   14.5403100844   8.28809723512   -0.06651249982600005   0.0424247822413   0.125
maxij1659   95108-01-23-00   0.09977742487702643   5.34322410017   0.503104912063   0.03361660752774861   11.2874999897   1.74561470049   0.00637501088505   0.0918067287986   0.125
maxij1659   95108-01-26-00   0.0633102034934166   6.63570854485   0.6763402233   1.5775210545444612e-16   12.2442614714   2.73795987006   -0.046717228921000054   0.0573824688412   0.125
maxij1659   95118-01-19-00   0.20182467196248594   2.16738099286   0.46860336936   0.17621831841219365   4.06951350906   3.89644652777   0.259565968386   0.0441386505553   0.125
maxij1659   95118-01-20-00   0.18193414396561952   2.03615586202   0.444377282698   0.1849720194053086   4.0161958526   3.98908837702   0.138040176876   0.0397284726102   0.125
maxij1659   95118-01-21-00   0.1871632806417113   1.62887125176   0.496327633105   0.20039024980623657   3.00625   4.33145971853   0.222790867859   0.0355952554183   0.125
maxij1659   95358-01-03-00   0.1611915601162972   2.78382286283   0.398405861666   0.07022734517336658   5.50344847208   0.937720066999   0.144148129747   0.0192822348673   0.125
maxij1659   95358-01-03-01   0.15667761484994874   3.17511646137   0.421130242299   0.059066471068402   6.39573398226   0.812225490054   0.124747977871   0.0217462696778   0.125
swiftj1753   91094-01-01-01   0.15756727804276188   0.817586964652   0.269202251487   0.24875888638511942   1.3875   2.50648667788   0.226353421606   0.020619633715   0.125
swiftj1753   91094-01-01-02   0.16818422955318268   0.838479813996   0.261085265232   0.15381887999217578   1.61875   1.39331737115   0.287014432535   0.0413061100087   0.125
swiftj1753   91094-01-01-03   0.16447227719965923   0.816973504751   0.22890697957   0.240752740066258   1.48   2.31213877629   0.266569133233   0.0417185625231   0.125
swiftj1753   91094-01-01-04   0.1913071360642743   0.833651994271   0.333554680206   0.23578008575983134   1.62714479458   2.49395325598   0.286486555557   0.0316524666584   0.125
swiftj1753   91094-01-02-00   0.19033127086618995   0.719732404863   0.268748376941   0.24275043937645585   1.38750002177   2.40348101847   -0.10539229168499997   0.0282333248874   0.125
swiftj1753   91094-01-02-01   0.1564534826532806   0.753805401773   0.179124921137   0.1583319031328526   1.3875   1.35876293864   0.343224123312   0.0421747899748   0.125
swiftj1753   91094-01-02-02   0.18402898636429393   0.706948350585   0.267223153626   0.24240104082634994   1.3875   2.34753317389   -0.06189362157199996   0.0502762148587   0.125
swiftj1753   91423-01-01-04   0.1719608175889178   0.904327606148   0.261292192303   0.2422064105034937   1.61875   2.57159821947   0.129595124094   0.072300128097   0.125
swiftj1753   91423-01-02-00   0.1751741516773696   0.613481246487   0.203844121102   0.15623277990477855   1.2187516651   1.05343865864   0.271666818344   0.0545115114603   0.125
swiftj1753   91423-01-02-05   0.17773937895087122   0.599689710403   0.22005825616   0.24489289704415804   1.15625   2.04087742352   0.163639040266   0.04873653371   0.125
swiftj1753   91423-01-02-06   0.1717820311104271   0.585848758036   0.25256065162   0.24143244443872452   1.15625   2.19858945794   0.294134936823   0.0365643294053   0.125
swiftj1753   91423-01-03-02   0.15150720327545375   0.539455881006   0.157746648644   0.24483513615688574   0.925000386283   2.04061238883   0.345840539578   0.0197806338142   0.125
swiftj1753   91423-01-03-04   0.1527649273910628   0.523074991665   0.159334783164   0.25155435464478215   0.925000000276   2.17205925892   0.327922453639   0.0329268010112   0.125
swiftj1753   91423-01-03-05   0.14563718183102783   0.5320296021   0.157247896321   0.1844195094738539   0.925   1.24877749385   0.331914383579   0.0519943135374   0.125
swiftj1753   91423-01-03-07   0.18359945530952093   0.461370816824   0.244817183795   0.2441522737296162   0.925   1.90554297363   -0.09469398508000004   0.0117326958165   0.125
swiftj1753   91423-01-04-01   0.1693287381407676   0.48266140517   0.240482648778   0.24401506041472756   0.925   1.74071856068   -0.11789265648299996   0.0233153921741   0.125
swiftj1753   91423-01-04-02   0.16993989174094343   0.442965384042   0.216530075784   0.23796990825481587   0.925000000011   1.72527641836   -0.11252161924199999   0.0463661312223   0.125
swiftj1753   91423-01-04-03   0.16557810767313813   0.432927152213   0.209408979611   0.16601053821367107   0.925   0.970453545315   -0.11247306650300004   0.0313988880369   0.125
swiftj1753   91423-01-04-04   0.05164776403328099   4.59073659836   1.02732973964   0.06820015294123902   9.25   6.40792213007   0.0939572519127   0.0569173792689   0.125
swiftj1753   91423-01-04-05   0.15701806488579087   0.484406156524   0.238508021869   0.23562089218386653   0.925   1.7487122705   -0.016089500632999965   0.0407971346632   0.125
swiftj1753   91423-01-04-06   0.15165183438913832   0.477039410132   0.238757750631   0.23522939183871502   0.925   1.83641796873   -0.09076930301200004   0.0406764083921   0.125
xtej1650   60113-01-07-00   0.10245258693597009   1.9089302878   0.598334905542   0.20653682713993177   3.46875   5.9744953623   -0.064953455198   0.039172633226   0.125
xtej1650   60113-01-10-01   0.1385699805432306   2.89765942623   1.65516628966   0.1616760449964024   5.55   8.36956767767   -0.031161190762999946   0.0241128062002   0.125
xtej1650   60113-01-12-00   0.08422565024816947   4.0809857811   0.702412324825   0.11104481441073372   7.4   8.48295775015   0.330089719764   0.0424257035659   0.125
xtej1650   60113-01-12-01   0.09127716806669339   4.35289416014   0.864035252415   0.10962111954404258   7.86250000338   8.42471320584   0.194641094461   0.0516647374766   0.125
xtej1650   60113-01-12-04   0.06526563528429762   5.17019641012   0.637052789943   0.04593543251158795   10.5541921643   1.50619568865   0.278215765976   0.0374043079699   0.125
xtej1650   60113-01-13-00   0.05918635445502286   5.72923112495   0.684125391219   0.04952108157454085   11.9744778922   2.35798602407   0.157878043415   0.0525735650137   0.125
xtej1650   60113-01-13-01   0.07259882267405225   6.32804561889   1.22017122078   0.07806763248907549   12.7558113899   5.39719924764   0.310416924688   0.0342787722166   0.125
grs1915   20186-03-02-06   0.11001730143106149   4.05625   1.45937623646   0.06630196077773082   7.00625   4.82448041074   0.315952405845   0.0129226704301   0.0625
grs1915   20402-01-05-00   0.18017415460106673   2.81563944856   0.477583713384   0.07750724110524579   5.51235281543   1.14900109209   0.111327054934   0.00983944366926   0.0625
grs1915   20402-01-06-00   0.2111581360593114   2.75   0.920489819237   0.12603268080480973   5.25   2.82635025563   0.0464778505224   0.0116691507334   0.0625
grs1915   20402-01-07-00   0.17913496144979377   3.11096605228   0.762416812653   0.09203142298840729   6.14927954715   1.9940588466   0.106640333396   0.00401266636251   0.0625
grs1915   20402-01-08-01   0.16711049976460327   3.45630367074   0.842609239705   0.07300282942636498   6.825   2.05610454883   0.0736527984456   0.0145009889134   0.0625
grs1915   20402-01-09-00   0.17200193622634413   2.82017573892   0.589379741909   0.09843131060991396   5.5125   1.81393718028   0.0938720220111   0.012782470103   0.0625
grs1915   20402-01-10-00   0.16610055349497146   2.91161933081   0.61603593728   0.08077105524333578   5.7587030147   1.42026547642   0.10038360715   0.0207281813021   0.0625
grs1915   20402-01-11-00   0.1505767315559203   2.92079380627   0.534288748169   0.07541300982922712   5.7701252595   1.25967157945   0.0746295585046   0.0083615426014   0.0625
grs1915   20402-01-13-00   0.16714747783351577   3.63481555653   1.01380656117   0.1056183790101509   6.90785797629   3.9307844275   0.067737973784   0.0114825092642   0.0625
grs1915   20402-01-14-00   0.16535931728769648   3.53920416381   0.913342060025   0.14304100951239285   6.42711991578   5.0   0.0847061404818   0.0082136671123   0.0625
grs1915   20402-01-15-00   0.16635290497266425   2.26292112156   0.405403827506   0.10764883614623565   4.5052191527   1.15955765591   0.128090912144   0.00759685053849   0.0625
grs1915   20402-01-16-00   0.15690561448178805   2.96929074615   0.576693063516   0.08987803163777242   5.81349503366   1.75172477882   0.099725226611   0.0215625596467   0.0625
grs1915   20402-01-20-00   0.15206172653720593   3.20401868976   0.572529576367   0.07281184790641143   6.35833673114   1.43240385336   0.110834342653   0.0104178377537   0.0625
grs1915   20402-01-26-00   0.13507088464064398   4.23824261489   1.04421999724   0.07901115644479843   8.05058898614   5.0   0.0526639924483   0.00505582969465   0.0625
grs1915   20402-01-48-00   0.07738000681542655   4.64616076104   0.928453670814   0.05528625959569886   8.66875   5.0   0.265059145181   0.0168564718607   0.0625
grs1915   20402-01-50-01   0.1585072048983106   1.03951746675   0.16962469211   0.09925373229080464   2.05366029291   0.736670984522   0.484524969722   0.0174769139675   0.0625
grs1915   20402-01-51-00   0.1658428680011899   1.38531895619   0.186556621109   0.06899352232554644   2.7217604041   0.395353601059   0.432504010612   0.0108228911341   0.0625
grs1915   30182-01-01-00   0.21250373207640488   2.14134714499   0.402565931638   0.10851706010891692   4.14232215868   1.20073788668   0.246207718056   0.00475830697499   0.0625
grs1915   30182-01-02-00   0.16862419567442208   3.32699906876   0.990045983098   0.05956959549057471   6.5786177493   2.10037129054   0.183337308904   0.00471247109112   0.0625
grs1915   30182-01-03-00   0.07364828081827013   5.04244085599   1.1370310401   0.05030593332455642   9.02500009743   5.0   0.0837098867802   0.0133932770149   0.0625
grs1915   30182-01-04-00   0.17865094064895   2.88157641547   1.00563728398   0.12662415769418467   4.9875   3.98191683096   0.127773826914   0.0145858066574   0.0625
grs1915   30182-01-04-01   0.17889408448731448   2.54375   0.736108990254   0.16569416308393217   4.39375   3.35946933783   0.201400541997   0.00903627457414   0.0625
grs1915   30402-01-09-01   0.1726099146187461   2.13455845209   0.243199833142   0.0738510050704121   4.0375   2.45401833335   0.419675145256   0.0323193459314   0.0625
grs1915   30402-01-10-00   0.1875364543940764   1.65950638558   0.278076050363   0.10872949720534672   3.0875   2.13045468634   0.414962339981   0.0288081376117   0.0625
grs1915   30402-01-11-00   0.10167784122292021   5.46627197183   1.68189256022   0.025830293421959475   9.6187502692   4.42858627551   0.532288700068   0.0152583302509   0.0625
grs1915   30703-01-16-00   0.17744920637823006   1.37746084553   0.210981573719   0.12755449567737948   2.6125   1.93616554015   0.488237897782   0.0203328858501   0.0625
grs1915   30703-01-17-00   0.15347811316606785   0.920360014357   0.12196262802   0.06990846436023775   1.83127394225   0.325861656172   0.544983282205   0.0230848677253   0.0625
grs1915   30703-01-22-00   0.19997555575134254   2.23864733059   0.372255737727   0.1217574323251588   4.22900759409   1.81020810111   0.232867633536   0.0250756045528   0.0625
grs1915   30703-01-25-00   0.17636082174302398   3.27020148953   0.976635047149   0.1279151875840029   5.81875   4.93302342664   0.139011060001   0.00867147269379   0.0625
grs1915   30703-01-33-00   0.17638983589506732   3.29088881636   0.849562928761   0.09844508378263972   6.38066379664   2.88039481363   0.101469007217   0.00612613227067   0.0625
grs1915   30703-01-41-00   0.20421662823298825   2.15819785667   0.306365649838   0.10011797296139446   4.23641175983   0.875878016021   0.169744344604   0.0166855970059   0.0625
grs1915   40403-01-08-00   0.18724498275991372   2.45094676753   0.352572588551   0.07467403703692523   4.78993329171   0.908934201802   0.246060206855   0.0154792581275   0.0625
grs1915   40403-01-09-00   0.21710644144145824   2.0232772607   0.361949797062   0.1187262929561605   3.91340510034   1.2143227392   0.2429369061   0.00740361605523   0.0625
grs1915   40403-01-11-00   0.11693879575716283   4.27646218284   0.709276511264   0.08683261413645532   7.71875   5.0   0.0   0.0787654985634   0.0625
grs1915   40703-01-01-00   0.20633545528489047   2.2563762132   0.363369459018   0.1043315348675618   4.39048394453   1.12664342293   0.171709754595   0.00832013973814   0.0625
grs1915   40703-01-02-00   0.15570543706434653   3.54643458295   0.791280613479   0.0978518488837971   6.79664765786   4.19122035844   0.0918067858826   0.00990918212467   0.0625
grs1915   40703-01-05-00   0.1321418351944072   4.16685752303   0.818516722672   0.08274960589611835   8.12514328745   5.0   0.0452285551805   0.00580783508427   0.0625
grs1915   40703-01-09-00   0.17319162462958942   2.76506765599   0.374255804268   0.07645493351110565   5.45086508041   1.05964188484   0.152101800007   0.0118025714831   0.0625
grs1915   50125-01-01-03   0.19174971041816916   2.99368630636   0.440691275312   0.13181075421043043   5.4625   3.1032851739   0.177258811678   0.0246930103569   0.0625
grs1915   50125-01-03-00   0.18809108587098464   3.20937266192   0.707477410086   0.1273170367616284   5.7836907548   3.73641348851   0.208632431642   0.0058519934293   0.0625
grs1915   50703-01-01-00   0.21537126908934276   2.32437845783   0.491412415026   0.11604298738015388   4.61622653477   1.48593076934   0.122565793471   0.0127597755646   0.0625
grs1915   50703-01-49-00   0.17635448076616106   2.58411134972   0.308217475902   0.09993338985615693   4.97586073139   1.37385175541   0.229375697131   0.00988496273204   0.0625
grs1915   50703-01-55-01   0.1943354945097425   2.82312354062   0.375824014874   0.08539418165955401   5.52953692421   1.11696530379   0.177286155596   0.0122958479318   0.0625
grs1915   50703-01-67-00   0.19902291127944985   2.17458220955   0.218097193465   0.0914825135500572   4.26070335063   0.676421168178   0.165646874949   0.0311884353399   0.0625
grs1915   60100-01-01-00   0.21202508728694655   2.21583408702   0.215125894846   0.20212931485697677   4.15625   2.96882763415   0.104492614107   0.0358294290845   0.0625
grs1915   60100-01-02-00   0.19928754241805202   2.95625   1.21080899928   0.14412982315028125   5.10625   5.0   0.187288635409   0.0235498735806   0.0625
grs1915   60405-01-03-00   0.19038363467511962   2.71867211369   0.333258843385   0.0831963567897696   5.42655158556   0.87303150171   0.162681255039   0.0272015212056   0.0625
grs1915   60701-01-16-00   0.09039908961011921   0.377523534695   0.0574546562479   0.06752500476194927   0.743599772027   0.127573412307   0.698003622993   0.0243314907669   0.0625
grs1915   60701-01-16-01   0.11170127441504012   0.396197272351   0.0590644760065   0.05558103542055951   0.773228069525   0.0945258232328   0.720310586471   0.0298120964846   0.0625
grs1915   60701-01-23-00   0.18734073244292465   2.05085894412   0.238093444578   0.09691933311624064   3.80000000042   2.69324128102   0.490551185441   0.0204183016081   0.0625
grs1915   60701-01-28-00   0.11861432076714017   0.464649724058   0.0566333505831   0.07707461160353664   0.91875   0.15515675273   0.659611914867   0.0310289536251   0.0625
grs1915   60701-01-33-00   0.14293397606572722   1.02082638778   0.0990549028438   0.05656891371968755   2.02384294917   0.199786818591   0.521623187895   0.0147318408339   0.0625
grs1915   70702-01-23-00   0.1725911019250513   3.42852292385   0.381207816132   0.10933736323241014   6.4125   3.64765869943   0.188028875738   0.0496206379686   0.0625
grs1915   70702-01-24-00   0.18017755954980305   2.56542143935   0.206907047264   0.06631165248602842   5.06846711583   0.379100751353   0.279554961531   0.0104009205083   0.0625
grs1915   70703-01-01-08   0.16773028098429646   2.55618306214   0.381560899647   0.09207631682250646   4.75   3.54604228901   0.388518892872   0.00608304366093   0.0625
grs1915   70703-01-01-14   0.17932152154160658   2.59347854719   0.47039373311   0.0824672025838046   4.75071679872   2.92000241963   0.381578838418   0.0109107287342   0.0625
grs1915   80127-02-03-00   0.18652300308403016   1.07924772789   0.188085967964   0.10990609324619893   2.04500892917   1.18954377822   0.592588795857   0.0125894952017   0.0625
grs1915   80701-01-08-00   0.10765676732776672   4.67042600819   0.903314358059   0.03595693109482557   10.486621847   0.0368294258916   0.129233988557   0.0236082778398   0.0625
grs1915   80701-01-26-00   0.1880065621366824   2.51559114181   0.238023520079   0.08955588651973058   5.00495900792   0.496814165593   0.209080704263   0.00880237931993   0.0625
grs1915   80701-01-32-00   0.21163243170093868   2.10659632968   0.223181914296   0.10600183805040742   4.20671240171   0.603061426431   0.184256332494   0.00893772846283   0.0625
grs1915   80701-01-51-00   0.19172709997007906   2.20951981981   0.202276159879   0.0893238820706186   4.411978116   0.458884079219   0.17405908383   0.0323838613067   0.0625
grs1915   80701-01-55-02   0.1995250170434022   2.59709915877   0.298008896532   0.0955684615727978   5.19007701378   0.854107234111   0.207082799015   0.0136796388862   0.0625
grs1915   80701-01-56-00   0.1741524244761193   2.55256627126   0.168005428123   0.07939853029784025   5.06484136938   0.455920745763   0.35948157032   0.0124055447055   0.0625
grs1915   80701-01-57-00   0.21278504064520426   2.04836169696   0.234044490266   0.12572236748340834   4.07426061419   0.686869236077   0.281304195826   0.0074446601674   0.0625
grs1915   90105-01-03-01   0.1019820714475942   4.92584101338   0.916899736173   0.05894179660381846   8.7875   5.0   0.259585335634   0.0221258479088   0.0625
grs1915   90701-01-19-00   0.20116258445168916   2.11241099941   0.186815338193   0.08764297852295876   4.16411170221   0.480869840191   0.261595119937   0.017570732696   0.0625
grs1915   91701-01-55-00   0.2304735110530878   1.98082978651   0.112678639907   0.1017913841108779   3.970442489   0.298720081738   0.196486790335   0.0467323523104   0.0625
grs1915   92702-01-09-00   0.15634235115134898   3.805278554   0.506180426214   0.07609929578976778   7.54412754849   1.45931738874   0.117361685993   0.0101474313059   0.0625
xtej1550   30188-06-01-01   0.2108685903903544   0.39414327718   0.0559497580619   0.09492852935604523   0.781030690486   0.107586455872   0.331519068883   0.034320523864   0.0625
xtej1550   30188-06-01-02   0.21028502271511443   0.80844347276   0.10843687104   0.08628222176578072   1.62092417175   0.198886574777   0.269563556138   0.0637430432477   0.0625
xtej1550   30188-06-01-03   0.21178577812044885   1.03230386019   0.116810176432   0.08613098152356347   2.0711716063   0.215410469117   0.254313183578   0.0209682170806   0.0625
xtej1550   30188-06-04-00   0.2018090156661194   1.5359181193   0.143052155537   0.07774675151722453   3.05684947512   0.3301228364   0.28132016865   0.0156709301686   0.0625
xtej1550   30188-06-05-00   0.18793597919260144   2.37110477335   0.178548548903   0.07028480520390801   4.74088902425   0.385127738853   0.20855646682   0.0264920059184   0.0625
xtej1550   30188-06-06-00   0.18391959253372395   3.30326682325   0.271421117011   0.06601135517670964   6.58205597625   0.579781193164   0.203790168722   0.00882661613349   0.0625
xtej1550   30188-06-07-00   0.18934769796168532   3.17051611141   0.268841122175   0.07474968898174082   6.30282481488   0.663317085475   0.195628727288   0.0201759495763   0.0625
xtej1550   30188-06-08-00   0.18977699298345146   3.14664461225   0.234653295018   0.07184444630720518   6.25654246705   0.493411905605   0.175629007373   0.0271368335162   0.0625
xtej1550   30188-06-09-00   0.18529671145105545   3.63291047305   0.293758771852   0.06592723972056798   7.23466845147   0.660737066493   0.190542359289   0.0114759599426   0.0625
xtej1550   30188-06-10-00   0.18906878613030195   2.5666842621   0.158482845152   0.07422272097038878   5.11418796084   0.27991857315   0.262458570952   0.0359359936095   0.0625
xtej1550   30188-06-11-00   0.1743240010256115   3.9760552198   0.281357200923   0.05500387495778826   7.9172278708   0.590922382185   0.104340303667   0.0348867799245   0.0625
xtej1550   30191-01-01-00   0.1360816428524855   5.678727923   0.799538759244   0.05585011833986337   10.7365267676   4.78381211274   0.191303566217   0.0210977404515   0.0625
xtej1550   30191-01-03-00   0.08471339173655108   7.10493837472   1.3321549271   0.01648223798445754   13.7812499986   5.0   0.071755666196   0.0177812978272   0.0625
xtej1550   30191-01-05-00   0.03685432714107258   9.77396352146   0.901920855325   0.012276739154421651   19.95   2.81984413596   0.0   0.0546053900595   0.0625
xtej1550   30191-01-08-00   0.14304952094476805   5.34318752478   0.577373811187   0.0702682175519971   9.86105733793   4.99999440073   0.105068131728   0.0177393707894   0.0625
xtej1550   30191-01-11-00   0.20158659648076022   2.82841678208   0.338641969549   0.1676353422469598   5.225   3.91052547721   0.23013049967   0.0106991638831   0.0625
xtej1550   30191-01-12-00   0.19049308594334285   2.69569741974   0.283821223823   0.07710365992162958   5.36906192263   0.673216585277   0.201279292679   0.0121732198793   0.0625
xtej1550   30191-01-13-00   0.2036530639514097   2.62017819123   0.323259408538   0.0892482427799918   5.21065929372   0.837811402551   0.217257763559   0.0166125815904   0.0625
xtej1550   30191-01-14-00   0.19125197816748937   2.65829783538   0.264619271842   0.06824992761131006   5.29367750649   0.548023462555   0.217157838313   0.0171731624257   0.0625
xtej1550   30191-01-16-00   0.2225003578276768   3.00732310192   0.60359487398   0.14884113274882133   5.81259382495   3.19794588869   0.175975753945   0.00548677897247   0.0625
xtej1550   30191-01-16-01   0.19524404432668682   2.85849504401   0.308435292747   0.07621714585277112   5.67010597296   0.681725928517   0.155562375426   0.0172787885009   0.0625
xtej1550   30191-01-17-00   0.18865453847239275   3.46947393708   0.457651948055   0.05122848780753047   6.90663990689   0.00762780997941   0.100674955917   0.020645675992   0.0625
xtej1550   30191-01-18-00   0.19923297946845892   3.40528729052   0.430952322817   0.15280483043026707   6.29375   4.34860932866   0.122013115977   0.0150052005   0.0625
xtej1550   30191-01-18-01   0.17713165183444865   3.3355817577   0.245571881874   0.05834185294631376   6.66984883146   0.502442509399   0.173674886532   0.0181198062931   0.0625
xtej1550   30191-01-27-00   0.1613690055779918   5.33799247939   1.15677654903   0.07828936836540612   10.3886791592   4.68636425204   0.0727470060297   0.00981767252895   0.0625
xtej1550   30191-01-27-01   0.15819316047287582   4.46301406327   0.340341973782   0.0544523949644131   8.88591245368   0.963021207243   0.0680749929891   0.0357003094134   0.0625
xtej1550   30191-01-28-00   0.18523574682336671   4.18137468379   0.44266393673   0.13879418904960147   7.8375000003   4.99980102457   0.123176105156   0.0216578501052   0.0625
xtej1550   30191-01-28-01   0.17071764724977145   4.69989114183   0.502039203094   0.11506700849666694   8.66875   5.0   0.093434878834   0.0139097240826   0.0625
xtej1550   30191-01-28-02   0.15847072005140136   4.94752693489   0.523851234641   0.09010452037639569   9.38125   4.8261707093   0.0717756138687   0.0264250545594   0.0625
xtej1550   30191-01-29-00   0.16284209375311312   4.8331974501   0.508725863672   0.11253224789619407   8.7875   5.0   0.0837541429339   0.0331884284397   0.0625
xtej1550   30191-01-29-01   0.1632286164631243   4.94423138361   0.608702755553   0.10736987714033507   9.14980433771   5.0   0.0229660257774   0.0317079902691   0.0625
xtej1550   30191-01-30-00   0.10877829411619211   6.4562845067   0.672343579039   0.06540048691376282   12.1125   5.0   0.0302574417229   0.0252912919296   0.0625
xtej1550   30191-01-31-00   0.09946932464015815   6.78217898919   1.17566609483   0.04282957091745141   12.7382484423   5.0   0.104052655007   0.0271096605406   0.0625
xtej1550   30191-01-31-01   0.09992431460934235   6.72584655884   0.81641089986   0.06041406869427092   12.5875   5.0   0.0397080971091   0.0230114163611   0.0625
xtej1550   30191-01-33-00   0.05789436825612346   5.33589554929   0.850792442   0.026124586253708112   10.4835194016   1.81911236863   0.548135049852   0.0036092360806   0.0625
xtej1550   40401-01-57-00   0.11358277949427527   6.71663543993   2.07138862352   0.04588857274845455   12.9173318413   4.00143141261   0.00609951804983   0.0107932671607   0.0625
xtej1550   50134-01-04-00   0.07189693176647664   6.94414186006   0.658442243266   0.04543918116888173   14.1749999788   2.15387834184   0.0   0.0584855879747   0.0625
xtej1550   50134-01-05-00   0.13830957021723395   4.48106329979   0.645721217471   0.06671007437314995   8.925   2.9401859229   0.151910052638   0.0290684877083   0.0625
xtej1550   50134-02-01-00   0.22299553412765735   1.25997115681   0.136043961725   0.05646940781360235   2.58087790213   0.237792067815   0.297836871917   0.0498579518222   0.0625
xtej1550   50135-01-03-00   0.15417048630796984   1.11150007438   0.263243593811   0.09897556597073236   2.1375   1.6571066504   0.265229105484   0.0503332772745   0.0625
xtej1550   50137-02-02-00   0.3079601399844916   0.251768731483   0.275207111742   0.2522649230951548   0.518810101484   2.35238004031   0.282610162118   0.0218254327032   0.0625
xtej1550   50137-02-05-00   0.20141447724693406   0.275   0.0756957955647   0.23977003162636307   0.525   0.828621223993   0.256179701706   0.038757415408   0.0625
xtej1550   50137-02-05-01   0.16689443743094196   0.315865473642   0.055760723986   0.16549750709340563   0.65625   0.688592255889   0.36606538513   0.0183637957652   0.0625
xtej1550   50137-02-06-00   0.1998521142121536   0.315531282252   0.0685215954499   0.08075750570841302   0.652106155332   0.077821261606   0.298070874983   0.031616564752   0.0625
xtej1752   94331-01-06-00   0.10881285052862853   2.24040684086   0.698860773078   0.15246577675159623   4.3365805727   5.14915421559   -0.034514179913999965   0.0435560353169   0.125
h1743   80138-01-06-00   0.17218186265313803   3.1889031103   0.404317699867   0.11216331640329001   5.78125010442   3.92109499732   0.215298766675   0.00945536991791   0.125
h1743   80138-01-07-00   0.07723266938503479   7.17926953123   1.29633888249   0.018170394293467514   13.7138674858   0.00243867328681   0.0775601496573   0.0375001904385   0.125
h1743   80146-01-01-00   0.05319413925797337   8.53871829471   0.675639003149   0.012175878336043498   18.2749999971   5.0   0.0560948092851   0.0336258422108   0.125
h1743   80146-01-02-00   0.11107496429300036   5.57248062433   0.7821059581   0.038613995762019425   9.94375000004   5.0   0.181795295653   0.0239495441827   0.125
h1743   80146-01-03-00   0.13781262540628586   4.70308927645   0.582907678096   0.06489429173439655   8.57507721483   4.99594285731   0.178098402854   0.0259886640835   0.125
h1743   80146-01-29-00   0.11709063422363908   5.54646213795   0.826640851509   0.04996123845041874   9.94375033427   4.99999952283   0.161829326142   0.0247606017388   0.125
h1743   80146-01-30-00   0.14907418231656655   4.37760525985   0.593514591935   0.05150032651343615   8.66080568036   1.9010507426   0.18068742962   0.023155822219   0.125
h1743   80146-01-33-00   0.09956693097124654   6.16268536381   0.858290955888   0.026952976347945072   11.1   5.0   0.096428962913   0.0141319457065   0.125
h1743   80146-01-34-00   0.17296075782778886   2.77647794327   0.363008180044   0.13582190450874657   5.08750093816   3.51858270863   0.226451207923   0.011876592631   0.125
h1743   80146-01-35-00   0.1655887810851268   2.26495042234   0.261247750018   0.10565637221897106   4.16250001403   1.99931138181   0.255576181091   0.0179501007713   0.125
h1743   80146-01-36-00   0.18420050262337895   1.81942942079   0.281282199249   0.17328212054938977   3.25281243345   2.91672769423   0.261609147533   0.00820207113905   0.125
h1743   80146-01-37-00   0.18146519375018977   1.89398729256   0.290454375512   0.14009692054223932   3.46875   2.39713149866   0.222272655967   0.0141858081972   0.125
h1743   80146-01-38-00   0.20582701760802352   3.02270805761   0.884875417644   0.10301711161103075   5.9125   2.52555038409   0.197440651405   0.00426296494694   0.125
h1743   80146-01-39-00   0.19021244023646083   2.13677397366   0.329417569363   0.1699749413916843   3.93125   3.16578090227   0.222709168222   0.0136536662968   0.125
h1743   80146-01-40-00   0.20076577950833477   1.71008307193   0.349826090128   0.10632603335511928   3.32543034134   1.06073525876   0.193046506364   0.0229484387591   0.125
h1743   80146-01-41-00   0.19027394264455275   2.48963018473   0.36283698964   0.15627303026102343   4.625   3.29469597763   0.12603771924   0.0355260717356   0.125
h1743   80146-01-42-00   0.19081605056566017   3.17104574356   0.599759769817   0.10790456226254584   6.10173167685   2.6934581866   0.18720104527   0.00730859050824   0.125
h1743   80146-01-43-00   0.1686646848735046   3.78324438863   0.403014579703   0.1089443327700911   6.9375   4.67748610872   0.166870983198   0.0278781168304   0.125
h1743   80146-01-43-01   0.17316034629980745   3.75561090642   0.523489607746   0.10247607041836068   7.18826936256   3.55565852575   0.15521901946   0.0216401213953   0.125
h1743   80146-01-44-00   0.16330368056549305   3.79771225417   0.392940747083   0.06819857905799946   7.49710157599   1.50506769654   0.166341083518   0.0193490186221   0.125
h1743   80146-01-45-00   0.1778058477953659   3.59191818871   0.502864278142   0.06903109105646596   7.07923425563   1.32578970145   0.171077400773   0.00769355293189   0.125
h1743   80146-01-46-00   0.1460514770939924   4.64809591589   0.439502042268   0.07851222254994669   8.57634976385   4.92218282816   0.142032279306   0.0122756545594   0.125
h1743   91428-01-03-00   0.12062421328159292   1.79960974512   0.580520024919   0.11617266767175938   3.2375   3.07989244549   -0.10105381551399994   0.0518691978442   0.125
h1743   93427-01-04-00   0.13677632789762278   3.78767508414   1.01641708142   0.12001778188265501   6.9375   4.99999999623   0.0   0.0350741162839   0.125
h1743   93427-01-04-03   0.12031156821840651   2.31988439645   1.02117454929   0.12958715455547087   3.93125   4.57216196873   0.0247846068686   0.0290107374506   0.125
h1743   93427-01-09-03   0.23436562467840838   0.42500000075   0.168046231445   0.20466265956873278   0.92988483929   1.82574281195   0.274865736143   0.0359227548729   0.125
h1743   93427-01-12-04   0.1417377006549299   3.84632165009   0.563200375897   0.10153728528129105   7.16875   5.0   0.102380326037   0.0436564616888   0.125
h1743   93427-01-13-00   0.17179367249223668   2.5941101638   0.500759277968   0.07758226414697103   5.24571509396   1.56999084858   0.13682657776   0.0350775464057   0.125
h1743   93427-01-13-05   0.16573965571926771   2.2765426692   0.342549303958   0.087979827833402   4.56925164886   1.80925871452   0.261777552216   0.0445107147571   0.125
h1743   93427-01-13-06   0.17758483031634847   2.09989842066   0.525078911263   0.10072070168903191   4.20748402378   2.61240198678   0.196944464619   0.0736935015713   0.125
h1743   94413-01-02-00   0.2340276959657548   0.908947807995   0.0687180819956   0.10805130047579027   1.82525292953   0.111270592377   0.304069709978   0.0496693982503   0.125
h1743   94413-01-02-01   0.2528203680551845   1.1897388676   0.158236431008   0.17671163879056995   2.38289642106   0.651495434952   0.30369152707   0.079253103327   0.125
h1743   94413-01-02-03   0.17926973488959136   3.56844441436   0.359361561543   0.0698961260261684   7.1791325895   0.959731079157   0.0809321161056   0.0204588434568   0.125
h1743   94413-01-02-04   0.22178447224443748   2.02523210681   0.136955161073   0.07612500189406783   4.0334798586   0.264666131593   0.236337312716   0.0174636317014   0.125
h1743   94413-01-02-05   0.22640472447440282   1.27613472828   0.106969531949   0.09945053132668615   2.55804678417   0.166789051273   0.331720571853   0.00977878422775   0.125
h1743   95360-14-01-00   0.1812058882868501   1.00705510361   0.0945636270277   0.1303962155757621   2.02360980668   0.209842906463   0.361455435503   0.00858892659537   0.125
h1743   95360-14-02-00   0.22116866665077892   1.17031697298   0.135777585633   0.16023386878395418   2.38528192761   0.311401085794   0.352074002327   0.0161963257667   0.125
h1743   95360-14-02-01   0.23350121882111194   1.04146897241   0.0958520897074   0.11860945447435904   2.09743904037   0.163753405582   0.350168854073   0.0524523073451   0.125
h1743   95360-14-02-03   0.22282979007565212   1.77060126242   0.128453063712   0.08863292398242693   3.56348696008   0.272938458031   0.323759150585   0.0328514401058   0.125
h1743   95360-14-03-00   0.20579400084761118   1.47588876857   0.087903481363   0.10154200212771525   2.97082376341   0.222159852443   0.271694202563   0.0433107566966   0.125
h1743   95368-01-01-00   0.19885139893995168   0.927118671442   0.0870428950195   0.14991767655189656   1.85335962493   0.231174858011   0.315043009163   0.0416402123422   0.125
h1743   95405-01-03-00   0.17135169165360115   2.00909869377   0.442761093613   0.14789584618540821   3.7   3.94089679634   0.187982630757   0.0684742425076   0.125
4u1543   70124-02-02-00   0.15001271393027493   2.22358000901   2.51504109754   0.03744019042180753   4.3   0.567882054895   0.0228425155927   0.0308748759385   0.125
4u1543   70124-02-03-00   0.11976970452640927   5.6268883982   1.93050205135   0.07587455622653069   9.25   7.35330591174   0.00754636033265   0.0298747138007   0.125
groj1665   90704-04-01-00   0.2824241058155233   2.30372454928   0.319576683517   0.2683322720954579   4.1625   6.24364667178   0.206970591254   0.0128774328563   0.125
groj1665   90704-04-01-01   0.2872443138981191   2.0434368091   0.293385714498   0.09679280156104793   4.14726004395   1.17748530625   0.202222027768   0.0140725807101   0.125
groj1665   91404-01-01-01   0.08158744594148723   4.79957299608   2.51400480261   0.13478553203703383   9.25   9.51530253021   0.0   0.0229450564962   0.125
groj1665   91702-01-01-00   0.19775100753810046   0.507068048667   0.175324815521   0.3060023289141019   0.925   3.10673794562   0.339573943896   0.0217336293086   0.125
groj1665   91702-01-01-05   0.2820404273341311   1.52880169843   0.240776971769   0.2971016976333146   2.775   5.59777156403   0.246749309657   0.0191377353171   0.125
groj1665   91702-01-79-01   0.0992180468976664   9.74166041518   0.684690158075   0.10446533972286112   17.5750000004   10.0   0.0   0.0259352963673   0.125
groj1665   91702-01-79-00   0.11680390167051397   9.00036173553   1.08415751973   0.11353807295476019   16.1875008802   9.45522318218   0.0388800636928   0.016526035871   0.125
groj1665   91702-01-80-00   0.13439497092666414   7.58815299544   1.0867918718   0.13725905486649906   13.4638900845   9.3070574558   0.0257642974065   0.0225466184209   0.125
groj1665   91702-01-80-01   0.16093121197641813   4.75256966907   0.760876652311   0.16980545188935353   8.55625   8.8358800567   0.0342548207035   0.0140885946014   0.125
groj1665   91702-01-81-00   0.16594127284875582   2.20959217461   0.63492739061   0.14313875340574106   3.93125   3.67838385887   0.179294373042   0.049264519214   0.125
groj1665   91702-01-81-01   0.13784481710312974   1.30562357791   0.310243805293   0.13527261834459647   2.3125   1.9255084239   0.203580532799   0.0475036494475   0.125
groj1665   91704-01-01-01   0.04541213072746748   5.29410656087   1.77115775745   0.08549967419079332   10.197319439   9.99999961835   0.0108928359465   0.0207713285353   0.125
xtej1859   40122-01-02-00   0.05404631865431048   7.20286142552   1.45315114254   0.019689735000095295   14.5124999996   2.96689577255   -0.022765179644000044   0.0207158349734   0.125
xtej1859   40122-01-02-00   0.05404631865431048   7.20286142552   1.45315114254   0.019689735000095295   14.5124999996   2.96689577255   -0.022765179644000044   0.0207158349734   0.125
xtej1859   40122-01-02-00   0.05404631865431048   7.20286142552   1.45315114254   0.019689735000095295   14.5124999996   2.96689577255   -0.022765179644000044   0.0207158349734   0.125
xtej1859   40124-01-04-00   0.23626429833670862   1.1851886559   0.204479150635   0.2489619850269071   2.26681308625   2.81982400076   0.145328105524   0.0370730983374   0.125
xtej1859   40124-01-05-00   0.18700639731436444   3.03588477773   0.292126037621   0.07377642146403895   6.08846110812   0.739727973966   0.162756650001   0.0263770628371   0.125
xtej1859   40124-01-06-00   0.1831105500673429   3.6155986365   0.465707722236   0.0850392916605379   7.2611906625   1.46929899375   0.109139280686   0.00837121647301   0.125
xtej1859   40124-01-07-00   0.17576222606662745   3.61524715363   0.420063802006   0.06973742007881287   7.28692664473   1.00007606044   0.117228364726   0.0123015171658   0.125
xtej1859   40124-01-08-00   0.16019904165259774   4.36752202413   0.461446624105   0.0705170420926652   8.76944729516   2.08011896929   0.0801845464355   0.0235752689038   0.125
xtej1859   40124-01-09-00   0.14108793578247766   4.93059469169   0.502470287414   0.04905330004883642   9.87500002302   1.09814105562   0.0786640486282   0.0350827933451   0.125
xtej1859   40124-01-10-00   0.10975509565720498   5.76516364416   0.598250028556   0.03790921257607234   11.5666530682   1.25164976251   -0.02954539149799995   0.0298546638137   0.125
xtej1859   40124-01-11-00   0.11121795251452239   5.9349865658   0.620546822136   0.08482752294699714   10.6375   9.08605945084   0.0645010399011   0.0271396701695   0.125
xtej1859   40124-01-15-00   0.09749391451855857   6.15086874127   0.640690039382   0.032958981806510815   12.1825685819   0.828352579876   0.017995419708   0.0166811280768   0.125
xtej1859   40124-01-17-00   0.05794318886903448   7.45962732232   1.10544237729   0.020122399052100896   14.9948745261   3.22724198771   0.0   0.0266031437724   0.125
xtej1859   40124-01-18-00   0.10202044191136361   5.88092169074   0.529153382275   0.04007882493365498   11.823339491   1.61418432256   0.0   0.0378396137724   0.125
xtej1859   40124-01-19-00   0.13174515679153886   5.18079817151   0.610832483683   0.05871133241614674   10.3626356381   1.79873389043   0.06603420135   0.0118460357728   0.125
xtej1859   40124-01-20-00   0.0842818397371934   6.43388629543   0.722495082251   0.02854232870478054   13.0557091519   1.65327534495   0.0419337392042   0.0352563528991   0.125
xtej1859   40124-01-21-00   0.09551343353726068   6.30854369796   0.820843344164   0.07522304222611166   11.5625003086   9.50094398431   0.0328358795504   0.0182669741276   0.125
xtej1859   40124-01-23-01   0.04739077542977559   7.73653287908   1.22171317246   4.552633248781776e-05   14.4964761338   3.44516008991e-05   -0.11428275835199997   0.0612701187768   0.125
xtej1859   40124-01-25-00   0.09377630369267467   6.18864971844   0.620685050866   0.033304555869146546   12.4751424599   1.28056131013   0.062125265269   0.0368907810337   0.125
xtej1859   40124-01-26-00   0.047710257520956936   7.34345389214   1.31574035457   0.03148049697573807   14.3122130899   0.000879716085474   -0.028852496578000042   0.0113262785398   0.125
xtej1859   40124-01-31-00   0.05294813011538722   7.24359800694   0.91777932446   0.021219833663424358   15.3187499629   2.38908698361   -0.047415887080999974   0.03867753494   0.125
gx339   60705-01-70-00   0.05372260345069132   4.29362276594   0.220817952916   0.04572508157763013   8.74494469583   0.98126840198   0.254928701632   0.0287294531867   0.0625
gx339   70109-04-01-01   0.08021071455743092   5.40937035283   0.589128159708   0.036437585519538795   11.0240104075   1.41118816469   0.337436079472   0.0466448518074   0.0625
gx339   70109-04-01-02   0.08372559792686204   5.31821684244   0.653461536177   0.03946188442046851   10.6133657453   1.19436381501   0.220120160447   0.0535672401632   0.0625
gx339   92035-01-03-00   0.0741359082944102   1.13008776486   0.0895705512554   0.11323517998488189   2.28   0.169115496116   0.730613748006   0.0342039884131   0.0625
gx339   92035-01-03-01   0.08779734405377732   1.67413591279   0.134445727023   0.07512483099441795   3.35852399388   0.306675314006   0.775056862567   0.0207499470938   0.0625
gx339   92035-01-03-02   0.1003976867367417   2.44854305683   0.159477819689   0.044804584795790005   4.94199283736   0.306531088156   0.669274061033   0.0237059937194   0.0625
gx339   92035-01-03-03   0.10017636085278574   3.51228121752   0.302256825152   0.05002974055195966   7.07425427884   0.763071242478   0.439228139669   0.0188380529984   0.0625
gx339   92428-01-04-00   0.10022157705583384   4.32788080571   0.378988698797   0.04711757299382537   8.72393123529   0.765424552019   0.32238669199   0.0686568600321   0.0625
gx339   92428-01-04-01   0.10372462383076009   4.21554264262   0.413328198589   0.05278618809294404   8.46592133274   0.922608861825   0.37230555112   0.0145059094784   0.0625
gx339   92428-01-04-02   0.10131910943597856   4.10524460565   0.41724800039   0.06708105429478811   8.4   1.77031385601   0.343760208984   0.028557489073   0.0625
gx339   95409-01-14-04   0.09684058692744141   2.37639550275   0.106127097516   0.04756845424276107   4.77224797855   0.233323171209   0.658648391456   0.021273032088   0.0625
gx339   95409-01-14-06   0.09558135589603038   2.43277577891   0.109282219789   0.054261299057681504   4.85666339018   0.242093975919   0.738750979875   0.0349919526598   0.0625
gx339   95409-01-14-07   0.10023317277252994   2.92355233555   0.148651730704   0.04002333207703317   5.8595490581   0.25405694274   0.585842075341   0.0249949889205   0.0625
gx339   95409-01-15-01   0.0669271597087026   5.66186482367   0.410938853917   0.04232117879482053   11.7479948326   2.09956500379   0.287339105254   0.0463472520257   0.0625
gx339   92035-01-03-00   0.0741359082944102   1.13008776486   0.0895705512554   0.11323517998488189   2.28   0.169115496116   0.730613748006   0.0342039884131   0.0625
